TM = 10.621798753738403 s 
IP = 3922.9323983192444 s 
R = 8.384086608886719 s 
1 = 3943.075366258621 s 
