TM = 6.4534125328063965 s 
IP = 356.78419518470764 s 
R = 0.8588607311248779 s 
1 = 365.0946044921875 s 
