TM = 10.390195369720459 s 
IP = 2071.0210604667664 s 
R = 9.505364418029785 s 
1 = 2092.069726228714 s 
